499
498
499
494
498
499
499
494
492
498
498
498
498
498
494
492
484
491
489
494
497
492
497
498
492
491
498
494
491
480
492
490
491
481
484
480
449
488
481
471
491
479
491
448
484
492
494
482
490
492
492
491
484
494
497
471
487
480
490
477
471
480
449
482
484
449
490
444
401
409
479
479
480
421
440
444
471
480
288
407
444
479
449
477
474
487
471
400
277
419
429
489
492
491
482
299
481
442
489
472
487
440
478
414
491
478
447
419
491
412
481
441
470
474
484
449
478
482
484
472
442
440
470
480
249
421
441
422
472
429
484
201
424
484
489
422
419
299
191
278
402
242
470
280
470
447
418
274
420
212
274
280
282
294
440
422
281
181
274
401
402
424
411
474
477
447
421
418
400
472
200
420
477
428
470
281
299
221
244
401
199
270
400
418
470
404
491
402
449
407
482
288
288
478
470
277
427
271
482
449
298
448
487
414
419
427
471
144
408
471
222
282
449
411
292
222
402
248
477
291
411
444
444
277
410
421
297
417
294
284
448
414
427
449
472
481
478
199
407
420
441
424
274
411
422
402
442
292
471
217
240
299
407
404
409
199
247
222
470
219
204
414
240
141
171
189
274
179
224
447
479
401
99
297
409
292
194
187
148
228
217
189
241
198
104
188
217
81
241
470
240
210
210
411
228
182
227
241
292
180
117
184
182
191
149
207
124
270
280
219
404
149
289
191
270
171
140
190
204
128
174
248
228
140
401
172
281
221
410
292
410
178
224
98
144
204
298
240
290
282
424
128
190
417
112
428
129
121
417
424
444
182
229
149
190
210
199
104
197
287
229
142
174
240
240
204
189
229
128
149
291
244
291
448
412
188
200
404
444
92
242
404
474
181
220
87
228
141
270
422
470
98
248
114
407
98
122
207
184
208
428
291
202
422
229
291
480
287
409
298
181
214
411
444
280
111
114
212
217
198
400
147
174
241
278
202
419
272
291
248
178
219
212
221
402
118
227
212
411
219
287
242
49
204
440
288
294
82
229
144
404
207
400
229
278
181
294
118
214
240
278
184
298
218
47
227
411
298
412
429
440
220
270
197
191
174
188
140
270
189
409
188
221
289
211
114
121
271
177
274
181
44
288
288
412
248
218
284
424
121
179
70
120
214
219
99
200
278
289
290
407
22
189
99
148
7
199
192
174
102
208
49
180
190
97
77
71
2
121
40
42
71
87
119
4
28
82
144
8
200
197
4
249
217
49
91
17
247
114
280
171
78
227
190
91
147
101
11
42
27
171
101
179
81
82
89
214
21
129
91
94
100
174
1
127
7
17
14
114
90
241
128
184
1
177
149
201
18
149
28
80
107
178
170
10
87
227
178
221
44
102
94
99
24
29
112
87
48
99
87
72
40
118
1
87
209
240
102
228
90
219
188
1
2
2
80
120
81
178
144
44
27
149
124
79
21
91
144
178
40
100
97
128
18
202
19
194
94
2
282
212
171
1
97
107
7
208
210
4
29
224
81
214
7
79
89
222
17
49
92
82
97
181
74
0
140
198
70
107
1
48
89
7
42
72
102
174
4
109
20
89
0
177
41
92
92
94
102
291
148
107
27
104
11
108
9
80
2
8
8
128
72
142
48
72
10
24
98
0
178
18
77
49
18
119
78
114
101
220
178
97
87
197
104
2
11
101
0
118
42
148
208
280
87
110
199
248
270
444
299
217
18
187
4
102
91
142
108
191
9
14
97
187
120
181
22
118
7
48
49
187
84
87
24
91
70
111
42
178
208
297
119
291
40
44
20
88
79
92
191
108
11
70
42
82
110
100
89
28
24
104
9
191
101
220
24
1
142
409
111
128
147
289
240
429
74
74
122
271
79
142
1
98
7
104
179
224
84
287
172
191
0
98
84
104
28
74
84
140
27
124
71
292
114
127
42
124
81
229
87
220
119
78
177
181
27
248
49
181
89
180
171
44
89
194
171
98
78
90
44
74
17
71
21
204
82
172
9
124
119
181
119
140
74
177
4
47
77
190
90
424
89
241
98
197
29
40
178
224
109
90
242
118
87
111
171
171
89
114
2
224
49
124
179
284
90
118
70
94
7
74
28
112
89
78
140
282
187
212
29
24
112
22
94
197
10
181
98
284
0
149
204
290
111
187
194
187
184
190
188
172
110
111
11
129
1
9
119
249
127
170
74
208
179
4
194
210
47
2
102
11
79
8
18
99
28
241
109
128
44
0
71
71
7
8
18
108
270
2
41
122
47
198
107
140
112
127
177
290
111
