22
424
298
482
417
297
29
217
180
140
11
449
111
484
211
401
222
209
280
447
140
400
110
414
291
124
89
190
214
420
47
292
2
474
171
17
107
48
2
407
7
497
474
400
178
11
108
7
44
104
280
119
408
190
212
400
49
187
298
170
128
292
219
247
102
224
200
419
422
409
21
149
1
184
294
422
444
181
492
40
401
210
89
494
48
444
121
229
142
404
101
404
492
187
494
70
87
248
11
448
482
122
490
124
71
81
49
219
17
119
77
109
87
89
229
197
98
111
140
289
421
28
8
217
424
404
441
484
491
190
208
71
189
28
424
297
490
227
147
228
81
129
100
90
114
149
420
170
87
480
212
87
280
219
498
178
289
27
144
97
19
479
281
81
221
178
17
97
400
499
72
109
129
470
477
149
277
197
429
287
78
401
87
291
148
489
270
18
187
491
120
288
491
291
299
498
191
207
184
409
101
142
487
181
444
7
84
98
74
212
229
278
478
248
180
291
90
204
172
177
181
89
402
441
404
229
484
118
282
7
284
212
487
494
0
194
407
111
481
179
208
472
99
411
44
270
288
112
140
111
120
214
99
278
290
99
484
7
192
414
204
492
240
121
40
489
119
491
144
494
249
444
99
481
280
299
190
187
11
479
217
89
214
188
104
242
127
184
14
241
470
492
177
18
28
182
227
227
178
44
117
24
182
282
149
40
207
240
102
219
188
488
481
81
144
140
190
21
274
248
100
18
424
471
444
172
411
498
224
29
491
7
447
92
144
204
74
290
418
477
472
174
102
420
20
0
177
417
428
148
471
182
9
2
8
72
48
104
244
484
229
18
174
178
240
498
104
101
0
418
208
248
444
448
412
200
102
91
142
9
242
482
22
49
187
478
24
270
178
208
481
442
277
79
407
42
98
110
271
208
191
428
202
229
480
147
240
74
287
79
298
179
214
287
427
217
84
84
400
27
147
114
491
87
491
181
202
27
411
292
178
221
498
222
44
21
71
82
124
119
444
242
49
288
90
440
98
178
499
471
410
171
207
114
2
179
181
298
70
240
28
484
448
227
29
112
427
10
429
449
204
491
220
184
188
199
188
1
119
477
74
210
194
47
424
79
121
271
442
274
181
18
108
402
41
198
471
284
177
179
249
70
240
299
441
407
200
409
289
407
449
199
189
482
148
199
470
472
174
429
219
49
180
490
97
77
71
171
141
201
42
87
449
274
4
179
82
484
8
447
197
4
479
422
49
91
17
247
114
409
171
78
401
194
91
191
101
42
148
27
278
101
179
189
82
402
241
484
198
91
94
217
174
1
470
7
81
241
480
470
479
128
240
210
480
201
210
411
418
228
80
274
178
421
10
292
241
449
221
102
440
94
99
274
29
112
87
191
99
87
72
118
471
1
124
270
280
440
228
90
404
489
1
2
149
80
120
281
191
270
44
171
149
124
79
204
91
288
178
128
401
174
128
402
202
228
194
94
2
282
212
171
1
97
107
479
208
410
4
292
477
214
410
79
222
449
224
49
98
421
82
181
498
298
0
240
198
70
107
1
282
89
7
42
128
190
200
4
491
89
112
487
428
41
92
92
94
102
291
424
107
27
104
281
108
80
448
190
8
299
128
221
210
72
199
10
24
98
0
419
18
77
49
142
119
114
199
220
240
270
97
204
197
189
2
229
494
118
128
42
149
280
470
87
244
199
291
492
491
299
217
402
188
4
444
404
449
497
191
92
14
97
407
474
181
118
482
181
48
220
288
84
87
91
228
111
141
42
498
470
422
119
470
40
98
20
88
92
114
427
108
70
122
498
82
489
100
89
28
24
449
9
472
291
220
24
1
492
422
111
128
289
492
429
487
74
409
440
271
419
142
1
98
104
471
224
411
478
492
172
191
0
114
144
104
28
491
414
140
198
497
471
292
222
127
42
174
282
241
220
419
449
78
177
484
272
447
181
291
89
248
171
44
494
194
171
98
78
419
402
74
248
118
477
227
498
212
9
411
287
219
140
411
74
412
4
47
204
481
424
444
241
499
294
197
82
40
224
277
144
90
242
118
111
421
470
171
89
297
278
224
124
417
474
294
90
118
294
94
284
74
112
278
184
78
140
499
218
414
47
24
480
22
94
411
412
181
284
472
440
149
290
478
482
187
270
187
197
478
191
172
110
174
11
129
9
490
270
249
127
189
409
480
188
4
480
221
442
2
102
11
114
8
18
274
241
422
109
177
440
0
71
71
7
44
470
288
412
2
122
471
248
480
107
218
127
492
290
494
121
